START,STOP,PATIENT,ENCOUNTER,SYSTEM,CODE,DESCRIPTION
2006-07-29,,d445bb9b-0b41-4b16-6e24-01fe999903d9,b08da817-e152-eeba-ee47-b4b92bf37c67,http://snomed.info/sct,224299000,Received higher education (finding)
2006-07-29,2016-08-13,d445bb9b-0b41-4b16-6e24-01fe999903d9,b08da817-e152-eeba-ee47-b4b92bf37c67,http://snomed.info/sct,73595000,Stress (finding)
2013-08-10,2019-08-17,d445bb9b-0b41-4b16-6e24-01fe999903d9,10e8073a-2aeb-0ff7-c078-f3bc3d99c287,http://snomed.info/sct,160903007,Full-time employment (finding)
2016-08-13,2019-08-17,d445bb9b-0b41-4b16-6e24-01fe999903d9,83d79d3f-1bff-03b0-b0e2-c3237953790e,http://snomed.info/sct,314529007,Medication review due (situation)
2016-08-13,2016-08-27,d445bb9b-0b41-4b16-6e24-01fe999903d9,83d79d3f-1bff-03b0-b0e2-c3237953790e,http://snomed.info/sct,66383009,Gingivitis (disorder)
2016-08-27,2016-08-27,d445bb9b-0b41-4b16-6e24-01fe999903d9,a632e81a-0779-9453-bc58-40dd5f48acbe,http://snomed.info/sct,109570002,Primary dental caries (disorder)
2019-08-17,2022-08-20,d445bb9b-0b41-4b16-6e24-01fe999903d9,7a03cdef-2167-fc09-0305-488b2a18555e,http://snomed.info/sct,741062008,Not in labor force (finding)
2019-08-17,2022-08-20,d445bb9b-0b41-4b16-6e24-01fe999903d9,7a03cdef-2167-fc09-0305-488b2a18555e,http://snomed.info/sct,73595000,Stress (finding)
2019-08-17,2019-08-31,d445bb9b-0b41-4b16-6e24-01fe999903d9,7a03cdef-2167-fc09-0305-488b2a18555e,http://snomed.info/sct,66383009,Gingivitis (disorder)
2021-06-06,2021-06-23,d445bb9b-0b41-4b16-6e24-01fe999903d9,3b921f52-3ac7-e1b7-7651-b52c3ed74891,http://snomed.info/sct,312608009,Laceration - injury (disorder)
2021-06-06,2021-06-23,d445bb9b-0b41-4b16-6e24-01fe999903d9,3b921f52-3ac7-e1b7-7651-b52c3ed74891,http://snomed.info/sct,284549007,Laceration of hand
2022-08-20,2022-08-20,d445bb9b-0b41-4b16-6e24-01fe999903d9,06b2ed4d-5d95-dea2-a186-dec7df757bb2,http://snomed.info/sct,314529007,Medication review due (situation)
2022-08-20,,d445bb9b-0b41-4b16-6e24-01fe999903d9,06b2ed4d-5d95-dea2-a186-dec7df757bb2,http://snomed.info/sct,160903007,Full-time employment (finding)
2024-05-16,2024-05-30,d445bb9b-0b41-4b16-6e24-01fe999903d9,2e72c819-842d-737d-6a53-9ae781185859,http://snomed.info/sct,10509002,Acute bronchitis (disorder)
2024-05-25,,d445bb9b-0b41-4b16-6e24-01fe999903d9,2067c4e5-f346-f920-b054-786c430df005,http://snomed.info/sct,314529007,Medication review due (situation)
2024-05-25,,d445bb9b-0b41-4b16-6e24-01fe999903d9,2067c4e5-f346-f920-b054-786c430df005,http://snomed.info/sct,423315002,Limited social contact (finding)
